0   0   -3  0   0   -3  0   0   -3  0   0   -3  0   0   -3  0   0   -3  0   0   -3  0   0   -3  0   0   -3  0   0   -3 
0   0   6   -5  -5  5   0   -4  5   -4  0   6   -4  -4  5   0   -4  5   -4  0   6   -4  -4  5   0   -4  5   -4  0   6  
0   0   -3  5   3   -7  0   8   -1  2   -6  -9  7   7   -2  -6  2   -2  7   -5  -5  2   7   -2  -5  7   -7  7   -5  -5 
0   0   -3  4   3   2   -9  -6  -3  6   6   4   -3  -3  0   6   0   -6  -3  9   3   7   -10 -7  2   -3  10  -3  3   -3 
0   0   6   -3  5   3   7   -6  -6  -12 4   6   0   -7  -7  4   8   11  -8  -12 -8  -7  13  13  3   -7  -7  -7  7   10 
0   0   -3  -5  -6  7   3   5   5   6   -14 -3  0   14  14  -12 -6  -14 6   8   4   3   -6  -6  6   5   -5  5   -13 -5 
0   0   -3  7   0   -7  -1  3   1   0   10  -12 0   -9  -7  15  0   9   0   -3  3   -12 0   0   -6  10  15  0   6   -10
0   0   6   -6  -6  0   0   1   3   -1  -5  11  0   4   -3  -6  0   9   4   0   -4  9   -12 -12 -3  -10 -10 10  10  10 
0   0   -3  7   6   -4  8   -1  1   3   3   -4  -17 -17 5   -3  -5  -11 5   14  4   3   10  23  -8  -9  3   -7  -7  9  
0   0   -3  -4  0   2   -10 9   -4  3   3   1   14  11  -18 3   9   0   -7  -11 11  -1  5   -26 9   9   -14 -3  -3  -11
0   0   6   -4  5   9   5   -7  15  10  -1  3   1   2   13  -19 -22 -13 -17 -17 -14 8   5   19  15  14  13  3   -10 -10
0   0   -3  4   -5  -7  -10 -2  -15 -13 2   1   3   -1  -1  16  16  15  15  30  -13 -8  -8  5   -25 -12 11  -15 24  10 
0   0   -3  3   0   0   7   0   4   -3  12  1   0   3   2   -1  -1  -4  3   -30 14  -18 0   -9  24  0   -11 27  -12 16 
0   0   6   -2  -5  -5  6   -9  -4  5   -16 13  -1  2   3   0   0   1   -5  17  0   16  -21 0   -14 0   0   -13 0   -14
0   0   -3  -5  5   3   -6  17  3   -2  -1  -15 0   -2  -1  3   1   1   1   1   5   -1  18  -24 3   0   0   0   0   0  
0   0   -3  7   5   3   0   -17 -10 0   6   -3  0   2   1   1   3   -1  -1  -8  -9  6   3   24  -1  0   0   0   0   0  
0   0   6   -6  -5  5   -7  9   7   -9  -3  5   0   -4  2   1   0   3   2   4   2   -10 1   22  -25 0   0   0   0   -5 
0   0   -3  7   -4  -6  7   2   3   5   0   -2  0   17  -6  -1  4   2   3   0   1   4   -8  -50 25  -25 0   0   0   10 
0   0   -3  -4  7   0   1   -4  0   4   -11 0   14  -30 3   -3  -5  -1  -1  3   1   1   5   26  0   21  0   0   0   -5 
0   0   6   -4  -7  0   4   11  -3  0   12  -10 -13 32  1   3   -5  3   1   1   3   -1  -2  0   -7  1   -29 -29 0   -3 
0   0   -3  4   9   -7  -4  -9  13  1   -3  11  0   -16 18  -1  5   -7  4   0   0   3   2   -1  3   0   23  27  -31 -25
0   0   -3  3   -5  7   -1  0   -11 -1  15  -6  -10 -1  -19 21  0   3   16  -1  -1  2   3   0   1   -1  6   -4  28  25 
0   0   6   -2  -4  0   -6  0   0   9   -26 5   18  -12 0   -23 23  23  -45 4   6   -1  -1  3   1   2   -5  3   -2  -2 
0   0   -3  -5  8   7   6   -8  0   -8  14  1   -9  24  0   4   -22 -22 50  -3  -9  0   2   1   3   -1  1   1   2   3  
0   0   -3  7   -9  -7  5   8   0   -1  11  0   -11 -12 0   -2  -1  -1  -26 24  32  2   -2  3   0   3   2   -1  0   -1 
0   0   6   -6  10  0   -10 0   -10 0   -12 10  23  -13 0   0   0   0   0   -25 -29 -3  4   -6  -1  2   3   0   0   0  
0   0   -3  7   -9  -6  11  0   10  0   0   -11 -25 26  0   0   0   0   0   0   0   29  -4  5   1   -2  -1  3   1   1  
0   0   -3  -4  7   6   -6  8   0   -8  0   0   13  -27 0   0   0   0   -5  0   0   -32 0   -3  -1  1   1   1   3   -1 
0   0   6   -4  -2  0   0   -8  0   6   -10 0   12  28  -16 -16 0   0   10  -5  -5  5   2   0   0   2   -1  3   0   3  
0   0   -3  4   -6  5   -7  0   0   11  8   0   -12 -28 16  31  0   0   -26 9   3   -7  24  0   3   -6  3   -7  2   2  