6 2 -- Iteration 1
44 49
60 60
5 13 44 60 
15 24
48 50 6 44 60
53 4
17 13 5 48
18 25
27 28 5 15 48 53
41 51 5 15 53
54 25
57 43 5 15 48 53
58 53 5 15 48
1 21 17 58
20 49 27 57 58
22 24 41
36 6 41
65 52 18 27 41 54 57 58
8 22
28 55 20 22 
49 17 20 22 65
2 38 8 49
4 9 8 49
11 53 8 28 49
14 34
25 47 49
33 51 8
37 35 8 28 49
40 32 8 49
45 6 28
46 32 28 49
59 18
61 55 8 28 49
3 32 2 4 11 14 25 33 37 40 45 46 59 61
30 34 33 45 46
35 25 4 14 33 40 45 46
10 32 3 30
31 36
38 40 30
51 16
0 52 51
7 53 10 31 38 51
32 30
47 45 10 31 38 51
56 8 10 31 38
62 25 7 32 56
42 16 62
52 11 62
64 2
66 6 62
9 29
21 28
26 10 42 52 64 66
34 32 42 52 66
55 3
12 27 9 21 26 34
13 25 9 21 26 34 55
19 32
23 27 -- Iteration 1
29 21 9 21 26 34 55
16 52 12 23
24 20 19
39 50 12 23
43 38 12 13 19 23 29
50 21 12 13 19 23 29
63 36 12 13 19 23 29