1   1   1   1   1   1   1   1   1   1   1   1   1   1   1   1   1   1   1   1   1   1   1   1   1   1   1   1   1   1  
1   1   -2  1   1   -2  1   1   -2  1   1   -2  1   1   -2  1   1   -2  1   1   -2  1   1   -2  1   1   -2  1   1   -2 
1   1   4   -4  -4  3   1   -3  3   -3  1   4   -3  -3  3   1   -3  3   -3  1   4   -3  -3  3   1   -3  3   -3  1   4  
1   1   1   1   -1  -4  1   5   2   -1  -5  -5  4   4   1   -5  -1  1   4   -4  -1  -1  4   1   -4  4   -4  4   -4  -1 
1   1   -2  5   2   -2  -8  -1  -1  5   1   -1  1   1   1   1   -1  -5  1   5   2   6   -6  -6  -2  1   6   1   -1  -4 
1   1   4   2   7   1   -1  -7  -7  -7  5   5   1   -6  -6  5   7   6   -7  -7  -6  -1  7   7   1   -6  -1  -6  6   6  
1   1   1   -3  1   8   2   -2  -2  -1  -9  2   1   8   8   -7  1   -8  -1  1   -2  2   1   1   7   -1  -6  -1  -7  1  
1   1   -2  4   1   1   1   1   -1  -1  1   -10 1   -1  1   8   1   1   -1  -2  1   -10 1   1   1   9   9   -1  -1  -9 
1   1   4   -2  -5  1   1   2   2   -2  -4  1   1   3   -2  2   1   10  3   -2  -3  -1  -11 -11 -2  -1  -1  9   9   1  
1   1   1   5   1   -3  9   1   3   1   -1  -3  -16 -14 3   -1  -4  -1  8   12  1   2   -1  12  -10 -10 2   2   2   10 
1   1   -2  1   1   -1  -1  10  -1  4   2   -2  -2  -3  -15 2   5   -1  1   1   12  1   4   -14 -1  -1  -12 -1  -1  -1 
1   1   4   -3  6   8   4   3   14  14  1   1   -1  -1  -2  -17 -17 -14 -16 -16 -2  9   9   5   14  13  1   2   -11 -11
1   1   1   1   1   1   -6  1   -1  1   3   2   2   -2  -3  -1  -1  1   -1  14  -15 1   1   10  -11 1   12  -13 13  -1 
1   1   -2  4   1   1   1   1   3   -2  15  3   2   1   -1  -2  -2  -3  2   -16 -1  -17 1   1   13  1   1   14  1   15 
1   1   4   2   -4  -4  7   -8  -1  3   -1  16  1   3   2   -2  -2  -2  -3  1   -1  -1  -20 1   -1  1   1   1   1   1  
1   1   1   -3  1   -1  1   9   2   1   -2  1   1   1   1   1   -1  -1  -2  2   4   -2  -2  -23 2   1   1   1   1   1  
1   1   -2  4   6   2   1   -8  -8  1   4   -2  1   3   2   2   2   -2  -3  -6  -5  4   1   1   1   1   1   1   1   1  
1   1   4   -2  1   7   -6  1   -1  -8  1   3   1   -1  4   3   2   1   -1  -2  -3  -6  2   23  -24 1   1   1   1   -4 
1   1   1   5   -3  1   1   3   2   -3  1   1   1   16  -2  2   6   3   2   -2  -2  -2  -6  -27 1   -24 1   1   1   6  
1   1   -2  1   4   1   2   -1  2   1   -10 1   15  -14 1   -1  1   2   1   1   -1  -1  -1  -1  1   -3  1   1   1   1  
1   1   4   -3  -3  1   6   10  -1  1   2   -9  2   18  2   2   -4  5   2   2   2   -2  -3  -1  -6  -2  -28 -28 1   -2 
1   1   1   1   6   -6  2   1   12  2   -1  2   2   2   20  1   1   -2  6   2   2   1   -1  -2  -3  -2  -5  -1  -30 -27
1   1   -2  4   1   1   1   1   1   1   14  -4  -8  1   1   22  1   1   22  1   1   3   2   -2  -2  -3  1   -5  -2  -2 
1   1   4   2   -3  1   -5  1   1   10  -12 1   10  -11 1   -1  24  24  -23 5   7   2   1   1   -1  -1  -4  -2  -4  -4 
1   1   1   -3  5   8   1   -7  1   2   2   2   1   13  1   3   2   2   27  2   -2  2   3   2   2   -2  -3  -1  -2  -1 
1   1   -2  4   -4  1   6   1   1   1   13  2   -10 1   1   1   1   1   1   26  30  4   1   5   2   1   -1  -2  -2  -2 
1   1   4   -2  6   1   -4  1   -9  1   1   12  13  -12 1   1   1   1   1   1   1   1   5   -1  1   3   2   -2  -2  -2 
1   1   1   5   -3  -5  7   1   1   1   1   1   -12 14  1   1   1   1   1   1   1   30  1   4   2   1   1   1   -1  -1 
1   1   -2  1   4   1   1   9   1   -7  1   1   1   -13 1   1   1   1   -4  1   1   -2  1   1   1   2   2   2   2   -2 
1   1   4   -3  2   1   1   1   1   -1  -9  1   13  15  -15 -15 1   1   6   -4  -4  3   3   1   1   4   1   5   2   1  